380
491248
384
388
1292
491240
491244
490920
1296
490916
1300
491248
1304
491260
491264
50812
50816
487204
50820
486092
479196
50824
487128
486088
50828
487140
50832
487108
50836
487120
50840
487164
50344
491268
491272
50348
491276
491280
50372
491284
491288
50380
491296
50404
491304
50340
491312
50304
491316
491320
50292
491324
491328
50296
491336
50300
491340
491344
50308
491352
50312
491360
50316
491368
50324
491372
491376
50328
491380
491384
50332
491388
491392
50336
491396
491400
50812
50820
490876
50824
50828
50832
50836
50840
490872
490880
490888
490896
490904
1300
480520
490572
490573
490574
490575
490576
490577
490896
490904
1308
487156
1308
1312
2336
487108
2340
487140
52
84
116
148
180
208
196
200
188
2344
2348
479352
2352
44708
486472
176280
490828
490836
486472
176280
490828
490836
490844
490852
490868
490864
490860
2356
479156
479160
479164
479168
490828
490836
490844
490852
490868
490864
482580
2364
2368
2372
2344
479352
2376
2380
2344
2384
490876
490880
490884
490892
490900
490908
1316
43840
487048
44128
487048
43984
487048
491212
1328
1304
490920
490916
484604
53240
53244
486272
53248
71564
486088
71568
71572
490884
490892
53252
53256
53260
52820
487204
490884
490892
51600
487164
51604
386952
386956
74540
484604
386952
386953
491260
490832
490840
490848
51608
51612
401360
51616
386960
386964
386968
386972
74540
484604
386960
386961
491260
490832
490840
490848
189688
189692
189696
487068
189700
487100
50880
50884
189704
189708
35908
480424
35956
18476
480436
18480
44736
487164
18484
18488
18492
18496
18500
18504
479244
18508
479348
18512
18488
48592
487288
48592
487288
487288
490712
490720
18516
18520
484604
479196
491260
18568
483372
490728
490736
490744
490752
35908
480424
35912
479244
496828
483384
483384
490664
29276
484532
490660
483460
16968
484532
16976
483388
490612
490620
490624
490628
490636
490644
29288
483444
490668
484456
484460
484464
484468
483432
483436
483388
29308
484492
484512
29284
29308
483388
484488
490672
490676
29328
480420
44708
486472
44712
480520
486472
176280
490612
490620
490628
490636
490644
29332
483380
29308
29284
484528
484476
490672
29284
483388
490672
490672
490676
490684
29328
480420
44708
486472
44712
480520
486472
176280
490612
490620
490628
490636
490644
29332
483380
29284
484476
483432
484476
484480
490680
498916
29284
29280
484536
490692
490700
490708
490716
490724
483384
483384
483384
490732
490740
490748
490752
490756
490764
490772
490780
490788
479216
189712
35908
480424
35912
479244
496828
483384
483384
490696
29276
484532
483388
29288
483444
490700
484200
490700
484468
483432
498940
29280
29284
484536
490704
490724
490732
490740
490748
490752
490756
483384
483384
483384
490764
490772
490780
490788
479224
498920
189716
189720
479216
189724
398700
189728
398632
189724
398704
189728
398638
189724
398708
189728
398648
189724
398712
189728
398672
490804
189732
189736
189720
487152
189740
490812
490816
490820
490828
490836
490844
51620
386976
386980
386984
74540
484604
386976
386977
491260
490832
490840
490848
51624
401360
51628
386988
386992
386996
74540
484604
386988
386989
491260
490832
490840
490848
51632
401360
51636
387000
387004
387008
387012
74540
484604
387000
387001
491260
490832
490840
490848
51640
401360
51644
387016
387020
387024
387028
387032
74540
484604
387016
387017
491260
490832
490840
490848
51648
51652
51692
479196
479196
51664
487100
51668
387068
387072
387076
387080
387084
74540
484604
387068
387069
491260
490832
490840
490848
487100
51680
487108
51684
487140
51688
52
84
116
148
180
212
236
51696
490868
490876
490880
490884
490892
490896
490904
491252
491430
491431
491432
145156
145160
491432
491433
491434
491435
490872
491436
145156
145160
491440
145156
145160
491444
145156
145160
491444
491445
491446
490872
491447
491448
145156
145160
491452
145156
145160
491452
490872
491453
491454
491455
491456
145156
145160
491456
490872
491457
491458
491459
491460
145156
145160
491460
490872
491461
491462
491463
491464
145156
145160
491464
491465
491466
490872
491467
491468
145156
145160
491472
145156
145160
491472
490872
490884
490892
47572
47576
491252
490900
490908
4120
482784
482784
4124
479356
482792
482788
4128
4120
487032
482784
4120
482784
482784
490876
490880
490884
490892
490896
490904
1332
479196
1304
490920
490916
484604
2616
2620
420
424
479336
490876
2624
2628
479172
564
576
479184
490876
490884
490892
490900
490908
71656
486088
490904
495712
490920
490916
1304
495708
484604
490924
616
385708
385712
385716
385720
4800
480412
479520
479592
483356
483348
483348
479592
483352
480412
479628
479672
392248
479520
479544
479540
479672
392232
479520
479536
479548
479520
479672
392272
479576
479672
392292
479576
490664
490696
490712
490716
479520
490736
490676
490672
490664
490668
479548
479520
490652
490660
490668
490788
490796
490800
479548
479520
479524
479552
479628
479528
140244
479536
479540
490808
490816
490816
479552
479548
490812
490816
490820
479540
479544
479672
385708
392232
479520
479536
479540
479552
479520
490784
490792
479540
479544
479672
385709
392232
479520
479536
479540
479552
479520
490784
490792
479540
479544
479672
385710
392232
479520
479536
479540
479552
479520
490784
490792
479540
479544
479672
385711
392232
479520
479536
479540
479552
479520
490784
490792
479540
479544
479672
385712
392232
479520
479536
479540
479552
479520
490784
490792
479540
479544
479672
385713
392232
479520
479536
479540
479552
479520
490784
490792
479540
479544
479672
385714
392232
479520
479536
479540
479552
479520
490784
490792
479540
479544
479672
385715
392232
479520
479536
479540
479552
479520
490784
490792
479540
479544
479672
385716
392232
479520
479536
479540
479552
479520
490784
490792
479540
479544
479672
385717
392232
479520
479536
479540
479552
479520
490784
490792
479540
479544
479672
385718
392232
479520
479536
479540
479552
479520
490784
490792
479540
479544
479672
385719
392232
479520
479536
479540
479552
479520
490784
490792
479540
479544
490800
490808
490816
490828
490836
490844
490852
480412
479540
479544
479628
479672
392232
479520
479536
479540
479552
479520
479536
479520
479528
479536
479672
392280
479580
479576
175584
487048
479600
490768
490776
490784
479588
479628
479548
479520
137416
490804
490812
490816
490820
490824
490832
490840
490852
479520
479592
483352
483348
483348
483348
490856
490864
490872
490880
490896
490904
3580
479356
479356
482792
482796
482804
482800
2464
2468
479180
345356
486800
490888
479176
480
481112
484
490888
490900
490908
490908
479356
482792
482788
479356
3584
3588
468928
11600
490812
11604
11608
11612
479840
483320
11616
479788
479700
479696
11612
483320
479732
479628
479540
479536
11612
483320
479572
479468
479380
479376
11612
483320
479412
490812
490836
490844
490852
490860
490868
12172
479840
12176
479680
479732
479520
12180
479628
479592
483356
483348
483348
479592
483328
479520
12184
479548
483332
479552
12184
479672
392264
479672
392268
479540
479536
479524
490836
490844
479520
479548
479520
490828
490836
490844
490848
490856
479548
490864
479592
483352
483348
483348
483348
479572
479360
12180
479412
490876
490880
490884
490892
490900
490908
43676
43680